<CoordinateSystem> { Z-up } 
<Material> default.003 {
  <Scalar> diffr { 1.000000 }
  <Scalar> diffg { 1.000000 }
  <Scalar> diffb { 1.000000 }
  <Scalar> specr { 0.000000 }
  <Scalar> specg { 0.000000 }
  <Scalar> specb { 0.000000 }
  <Scalar> shininess { 0.25 }
  <Scalar> ambr { 1.000000 }
  <Scalar> ambg { 1.000000 }
  <Scalar> ambb { 1.000000 }
  <Scalar> emitr { 0.000000 }
  <Scalar> emitg { 0.000000 }
  <Scalar> emitb { 0.000000 }
}

<Material> default {
  <Scalar> diffr { 1.000000 }
  <Scalar> diffg { 1.000000 }
  <Scalar> diffb { 1.000000 }
  <Scalar> specr { 0.000000 }
  <Scalar> specg { 0.000000 }
  <Scalar> specb { 0.000000 }
  <Scalar> shininess { 0.25 }
  <Scalar> ambr { 1.000000 }
  <Scalar> ambg { 1.000000 }
  <Scalar> ambb { 1.000000 }
  <Scalar> emitr { 0.000000 }
  <Scalar> emitg { 0.000000 }
  <Scalar> emitb { 0.000000 }
}

<Material> default.005 {
  <Scalar> diffr { 1.000000 }
  <Scalar> diffg { 1.000000 }
  <Scalar> diffb { 1.000000 }
  <Scalar> specr { 0.000000 }
  <Scalar> specg { 0.000000 }
  <Scalar> specb { 0.000000 }
  <Scalar> shininess { 0.25 }
  <Scalar> ambr { 1.000000 }
  <Scalar> ambg { 1.000000 }
  <Scalar> ambb { 1.000000 }
  <Scalar> emitr { 0.000000 }
  <Scalar> emitg { 0.000000 }
  <Scalar> emitb { 0.000000 }
}

<Material> default.002 {
  <Scalar> diffr { 1.000000 }
  <Scalar> diffg { 1.000000 }
  <Scalar> diffb { 1.000000 }
  <Scalar> specr { 0.000000 }
  <Scalar> specg { 0.000000 }
  <Scalar> specb { 0.000000 }
  <Scalar> shininess { 0.25 }
  <Scalar> ambr { 1.000000 }
  <Scalar> ambg { 1.000000 }
  <Scalar> ambb { 1.000000 }
  <Scalar> emitr { 0.000000 }
  <Scalar> emitg { 0.000000 }
  <Scalar> emitb { 0.000000 }
}

<Material> default.001 {
  <Scalar> diffr { 1.000000 }
  <Scalar> diffg { 1.000000 }
  <Scalar> diffb { 1.000000 }
  <Scalar> specr { 0.000000 }
  <Scalar> specg { 0.000000 }
  <Scalar> specb { 0.000000 }
  <Scalar> shininess { 0.25 }
  <Scalar> ambr { 1.000000 }
  <Scalar> ambg { 1.000000 }
  <Scalar> ambb { 1.000000 }
  <Scalar> emitr { 0.000000 }
  <Scalar> emitg { 0.000000 }
  <Scalar> emitb { 0.000000 }
}

<Material> default.004 {
  <Scalar> diffr { 1.000000 }
  <Scalar> diffg { 1.000000 }
  <Scalar> diffb { 1.000000 }
  <Scalar> specr { 0.000000 }
  <Scalar> specg { 0.000000 }
  <Scalar> specb { 0.000000 }
  <Scalar> shininess { 0.25 }
  <Scalar> ambr { 1.000000 }
  <Scalar> ambg { 1.000000 }
  <Scalar> ambb { 1.000000 }
  <Scalar> emitr { 0.000000 }
  <Scalar> emitg { 0.000000 }
  <Scalar> emitb { 0.000000 }
}

<Texture> hand {
  "./tex/hand.jpg"
  <Scalar> envtype { MODULATE }
  <Scalar> minfilter { LINEAR_MIPMAP_LINEAR }
  <Scalar> magfilter { LINEAR_MIPMAP_LINEAR }
  <Scalar> wrap { REPEAT }
}

<Texture> c_sleeve {
  "./tex/c_sleeve.jpg"
  <Scalar> envtype { MODULATE }
  <Scalar> minfilter { LINEAR_MIPMAP_LINEAR }
  <Scalar> magfilter { LINEAR_MIPMAP_LINEAR }
  <Scalar> wrap { REPEAT }
}

<Texture> c_leg {
  "./tex/c_leg.jpg"
  <Scalar> envtype { MODULATE }
  <Scalar> minfilter { LINEAR_MIPMAP_LINEAR }
  <Scalar> magfilter { LINEAR_MIPMAP_LINEAR }
  <Scalar> wrap { REPEAT }
}

<Texture> phase_3.5_palette_1lmla_1 {
  "./tex/phase_3.5_palette_1lmla_1.jpg"
  <Scalar> envtype { MODULATE }
  <Scalar> minfilter { LINEAR_MIPMAP_LINEAR }
  <Scalar> magfilter { LINEAR_MIPMAP_LINEAR }
  <Scalar> wrap { REPEAT }
}

<Texture> c_blazer {
  "./tex/c_blazer.jpg"
  <Scalar> envtype { MODULATE }
  <Scalar> minfilter { LINEAR_MIPMAP_LINEAR }
  <Scalar> magfilter { LINEAR_MIPMAP_LINEAR }
  <Scalar> wrap { REPEAT }
}

<Texture> c_arm {
  "./tex/c_arm.jpg"
  <Scalar> envtype { MODULATE }
  <Scalar> minfilter { LINEAR_MIPMAP_LINEAR }
  <Scalar> magfilter { LINEAR_MIPMAP_LINEAR }
  <Scalar> wrap { REPEAT }
}

  <Group> suitA {
    <Dart> { structured }
    <Joint> suitA {
      <Transform> {
        <Matrix4> {
          1.0 0.0 0.0 0.0 
          0.0 1.0 0.0 0.0 
          0.0 0.0 1.0 0.0 
          0.0 0.0 0.0 1.0 
        }
      }
      <Joint> CONSlegL {
        <Transform> {
          <Matrix4> {
            -0.9999995231628418 0.0006030942313373089 0.0007761027663946152 0.0 
            -0.0006436143885366619 -0.998578667640686 -0.053295236080884933 0.0 
            0.0007423236966133118 -0.05329812690615654 0.9986011981964111 0.0 
            -0.39967501163482666 -0.035485029220581055 3.099400043487549 1.0 
          }
        }
        <VertexRef> {
          17 18 40 43 100 103
          <Scalar> membership { 0.500000 }  <Ref> { torso }
        }
        <Joint> to_coatLBack {
          <Transform> {
            <Matrix4> {
              1.0 2.0701190805993974e-07 -6.122394552221522e-06 0.0 
              -2.0710649550892413e-07 1.0000001192092896 1.6901708477234934e-06 0.0 
              6.122474587755278e-06 -1.69199029187439e-06 1.0000001192092896 0.0 
              0.03546091169118881 0.7718651294708252 0.03932139649987221 1.0 
            }
          }
          <VertexRef> {
            15 99 113 114 117
            <Scalar> membership { 1.000000 }  <Ref> { torso }
          }
          <VertexRef> {
            16 19 119 120 123
            <Scalar> membership { 0.500000 }  <Ref> { torso }
          }
        }
        <Joint> to_coatLFront {
          <Transform> {
            <Matrix4> {
              1.0 2.079468686133623e-07 -6.243877578526735e-06 0.0 
              -2.0794323063455522e-07 0.9999999403953552 1.5821379975022865e-06 0.0 
              6.24394670012407e-06 -1.5838786566746421e-06 1.0 0.0 
              0.008229056373238564 -0.6514727473258972 -0.18125112354755402 1.0 
            }
          }
          <VertexRef> {
            33 128 161 162 165
            <Scalar> membership { 0.200000 }  <Ref> { torso }
          }
          <VertexRef> {
            20 44 125 126 167 168
            <Scalar> membership { 1.000000 }  <Ref> { torso }
          }
          <VertexRef> {
            16 19 119 120 123
            <Scalar> membership { 0.500000 }  <Ref> { torso }
          }
        }
      }
      <Joint> CONSlegR {
        <Transform> {
          <Matrix4> {
            -0.999995768070221 0.0017691529355943203 0.002214983105659485 0.0 
            -0.0018631810089573264 -0.9990606904029846 -0.04328613355755806 0.0 
            0.002145111560821533 -0.04328104853630066 0.9989559054374695 0.0 
            0.4286450147628784 -0.03553283214569092 3.0993499755859375 1.0 
          }
        }
        <VertexRef> {
          17 18 40 43 100 103
          <Scalar> membership { 0.500000 }  <Ref> { torso }
        }
        <Joint> to_coatRBack {
          <Transform> {
            <Matrix4> {
              1.0 -1.68227415997535e-07 2.3642969608772546e-05 0.0 
              1.68227415997535e-07 1.0 -1.2467767191992607e-06 0.0 
              -2.3642816813662648e-05 1.2487280400819145e-06 1.0 0.0 
              0.05827850103378296 0.771903395652771 0.040588025003671646 1.0 
            }
          }
          <VertexRef> {
            101 102 105 111
            <Scalar> membership { 1.000000 }  <Ref> { torso }
          }
          <VertexRef> {
            39 45 104 106 109
            <Scalar> membership { 0.500000 }  <Ref> { torso }
          }
        }
        <Joint> to_coatRFront {
          <Transform> {
            <Matrix4> {
              1.0 -1.6481499187648296e-07 1.9296639948152006e-05 0.0 
              1.645821612328291e-07 1.0 -1.0530525287322234e-06 0.0 
              -1.9296676327940077e-05 1.0519352144910954e-06 1.0000001192092896 0.0 
              0.07434582710266113 -0.6502112150192261 -0.18062882125377655 1.0 
            }
          }
          <VertexRef> {
            50 158 164 166 169
            <Scalar> membership { 0.200000 }  <Ref> { torso }
          }
          <VertexRef> {
            41 42 46 49 170
            <Scalar> membership { 1.000000 }  <Ref> { torso }
          }
          <VertexRef> {
            39 45 104 106 109
            <Scalar> membership { 0.500000 }  <Ref> { torso }
          }
        }
      }
      <Joint> Lh_wrist {
        <Transform> {
          <Matrix4> {
            0.9982079863548279 0.05972738191485405 -0.0036548280622810125 0.0 
            -0.05971837416291237 0.9982120394706726 0.0025252681225538254 0.0 
            0.003799120895564556 -0.0023024824913591146 0.9999901056289673 0.0 
            -3.8685998916625977 -0.06619024276733398 5.388400077819824 1.0 
          }
        }
        <VertexRef> {
          64 67 110 113 114 167 168
          <Scalar> membership { 0.600000 }  <Ref> { hands }
        }
        <VertexRef> {
          12 29 30 69 93 182 195
          <Scalar> membership { 0.850000 }  <Ref> { hands }
        }
        <VertexRef> {
          19 28 31 32 40 43 124 127 128 129 131 132 184 185 186 187 189 196 199 200 202 205 215 216 218 219 220 223
          <Scalar> membership { 1.000000 }  <Ref> { hands }
        }
        <VertexRef> {
          41 42 45 47 48 53 54 56 116 179 180 197 198 201
          <Scalar> membership { 0.800000 }  <Ref> { hands }
        }
        <VertexRef> {
          3 5 6 9 11 153 154 157 194 227 228 230
          <Scalar> membership { 0.200000 }  <Ref> { hands }
        }
        <VertexRef> {
          4 7 8 10 27 44 71 72 107 108 123 125 126 130 133 134 155 156 158 183 188 190 191 192 193 221 222 224 225 226 229
          <Scalar> membership { 0.500000 }  <Ref> { hands }
        }
        <VertexRef> {
          13 68 170 176 178 181
          <Scalar> membership { 0.580000 }  <Ref> { hands }
        }
        <VertexRef> {
          156 157 160 162 163 166 168 169 172 174 175 178
          <Scalar> membership { 0.200000 }  <Ref> { Untitled }
        }
        <Joint> Lh_1 {
          <Transform> {
            <Matrix4> {
              1.0 -1.2500304364948533e-06 -6.82193785905838e-08 0.0 
              1.2471709851524793e-06 1.0 -2.32845195569098e-06 0.0 
              6.798654794692993e-08 2.3286411305889487e-06 1.0 0.0 
              -0.6433386206626892 -0.1482289582490921 0.05956300348043442 1.0 
            }
          }
          <VertexRef> {
            12 29 30 69 93 182 195
            <Scalar> membership { 0.150000 }  <Ref> { hands }
          }
          <VertexRef> {
            1 14 27 44 70 71 72 73 74 94 95 96 97 99 101 102 105 106 107 108 109 118 121 122 161 162 164 165 166 169 183
            <Scalar> membership { 0.500000 }  <Ref> { hands }
          }
          <VertexRef> {
            13 68 170 176 178 181
            <Scalar> membership { 0.210000 }  <Ref> { hands }
          }
          <VertexRef> {
            64 67 110 113 114 167 168
            <Scalar> membership { 0.200000 }  <Ref> { hands }
          }
          <Joint> Lh_2 {
            <Transform> {
              <Matrix4> {
                1.0 6.47255546937231e-07 1.2762029655277729e-08 0.0 
                -6.47127308184281e-07 1.0 4.547182470560074e-07 0.0 
                -1.3140379451215267e-08 -4.549656296148896e-07 1.0 0.0 
                -0.3684844970703125 -1.0058283805847168e-07 -1.2398231774568558e-07 1.0 
              }
            }
            <VertexRef> {
              0 2 57 58 59 60 61 62 98 100 103 104 117 119 120 159 160 163
              <Scalar> membership { 1.000000 }  <Ref> { hands }
            }
            <VertexRef> {
              1 14 70 73 74 94 95 96 97 99 101 102 105 106 109 118 121 122 161 162 164 165 166 169
              <Scalar> membership { 0.500000 }  <Ref> { hands }
            }
          }
        }
        <Joint> Lh_arm {
          <Transform> {
            <Matrix4> {
              1.0 2.0285006030462682e-07 -6.503250915557146e-08 0.0 
              -2.025581125053577e-07 1.0 -2.1721352823078632e-06 0.0 
              6.493064574897289e-08 2.1720334189012647e-06 1.0 0.0 
              0.07086946070194244 -0.015253840014338493 -0.011033203452825546 1.0 
            }
          }
          <VertexRef> {
            4 7 8 10 123 125 126 130 133 134 155 156 158 188 190 191 192 193 221 222 224 225 226 229
            <Scalar> membership { 0.500000 }  <Ref> { hands }
          }
          <VertexRef> {
            3 5 6 9 11 153 154 157 194 227 228 230
            <Scalar> membership { 0.800000 }  <Ref> { hands }
          }
          <VertexRef> {
            158 159 161 164 165 167 170 171 173 176 177 179
            <Scalar> membership { 1.000000 }  <Ref> { Untitled }
          }
          <VertexRef> {
            156 157 160 162 163 166 168 169 172 174 175 178
            <Scalar> membership { 0.800000 }  <Ref> { Untitled }
          }
        }
        <Joint> Lh_index1 {
          <Transform> {
            <Matrix4> {
              1.0 -1.2500304364948533e-06 -6.82193785905838e-08 0.0 
              1.2471709851524793e-06 1.0 -2.32845195569098e-06 0.0 
              6.798654794692993e-08 2.3286411305889487e-06 1.0 0.0 
              -0.6433379650115967 0.20033501088619232 0.0595620833337307 1.0 
            }
          }
          <VertexRef> {
            41 42 45 47 48 53 54 56 64 67 110 113 114 116 167 168 179 180 197 198 201
            <Scalar> membership { 0.200000 }  <Ref> { hands }
          }
          <VertexRef> {
            16 35 36 38 46 49 50 63 65 66 82 85 86 111 112 115 135 137 138 172 173 174 175 177
            <Scalar> membership { 0.500000 }  <Ref> { hands }
          }
          <VertexRef> {
            13 68 170 176 178 181
            <Scalar> membership { 0.210000 }  <Ref> { hands }
          }
          <Joint> Lh_index2 {
            <Transform> {
              <Matrix4> {
                1.0 6.472546374425292e-07 1.252919901162386e-08 0.0 
                -6.471091182902455e-07 1.0 4.4959597289562225e-07 0.0 
                -1.3067619875073433e-08 -4.498288035392761e-07 1.0 0.0 
                -0.3684847354888916 -1.3690441846847534e-07 2.463639248162508e-07 1.0 
              }
            }
            <VertexRef> {
              15 17 21 22 23 24 25 26 33 34 37 81 83 84 136 139 140 171
              <Scalar> membership { 1.000000 }  <Ref> { hands }
            }
            <VertexRef> {
              16 35 36 38 46 49 50 63 65 66 82 85 86 111 112 115 135 137 138 172 173 174 175 177
              <Scalar> membership { 0.500000 }  <Ref> { hands }
            }
          }
        }
        <Joint> Lh_thumb1 {
          <Transform> {
            <Matrix4> {
              0.6137447953224182 -0.7895044684410095 1.7578713595867157e-06 0.0 
              0.7895045876502991 0.6137447357177734 -1.2923264876008034e-06 0.0 
              -5.8586010709404945e-08 2.18152126763016e-06 1.0 0.0 
              -0.3045201003551483 0.34760040044784546 0.05956162139773369 1.0 
            }
          }
          <VertexRef> {
            18 20 39 51 52 55 75 76 79 88 91 92 143 144 146 203 204 206 209 210 212 213 214 217
            <Scalar> membership { 0.300000 }  <Ref> { hands }
          }
          <Joint> Lh_thumb2 {
            <Transform> {
              <Matrix4> {
                0.9999999403953552 1.4901570466463454e-07 -3.3795367926359177e-07 0.0 
                -1.8244372768094763e-07 0.9999999403953552 7.508788257837296e-07 0.0 
                3.370223566889763e-07 -7.512280717492104e-07 1.0 0.0 
                -0.16913500428199768 -0.0010997909121215343 1.7677666619420052e-07 1.0 
              }
            }
            <VertexRef> {
              18 20 39 51 52 55 75 76 79 88 91 92 143 144 146 203 204 206 209 210 212 213 214 217
              <Scalar> membership { 0.700000 }  <Ref> { hands }
            }
            <VertexRef> {
              77 78 80 87 89 90 141 142 145 147 148 149 150 151 152 207 208 211
              <Scalar> membership { 1.000000 }  <Ref> { hands }
            }
          }
        }
      }
      <Joint> Lshoulder_arm {
        <Transform> {
          <Matrix4> {
            1.0 0.0 0.0 0.0 
            0.0 1.0 0.0 0.0 
            0.0 0.0 1.0 0.0 
            -1.6709699630737305 -0.11120903491973877 5.355770111083984 1.0 
          }
        }
        <Joint> Lsleeve_trans {
          <Transform> {
            <Matrix4> {
              0.9996452331542969 0.004628559574484825 -0.02623046562075615 0.0 
              0.00025513023138046265 0.9830766916275024 0.18319420516490936 0.0 
              0.02663448452949524 -0.18313591182231903 0.9827268123626709 0.0 
              -2.206589937210083 0.04458069056272507 0.03265857696533203 1.0 
            }
          }
          <VertexRef> {
            32 33 35 36 37 40 60 61 64 90 91 94
            <Scalar> membership { 1.000000 }  <Ref> { arms }
          }
          <VertexRef> {
            180 182 183 188 189 191 193 196 197 198 199 202
            <Scalar> membership { 1.000000 }  <Ref> { Untitled }
          }
        }
        <Joint> jnt22_1 {
          <Transform> {
            <Matrix4> {
              -0.9972366094589233 -0.06403505802154541 -0.03766421228647232 0.0 
              -0.06645574420690536 0.995538592338562 0.06697959452867508 0.0 
              0.03320714086294174 0.06929749995470047 -0.9970431327819824 0.0 
              -0.011597394943237305 0.0036342740058898926 -0.006709098815917969 1.0 
            }
          }
          <VertexRef> {
            0 7 8 9 10 12 50 51 53 54 55 58 80 81 83 84 85 88 110 111 113 114 115 118
            <Scalar> membership { 0.700000 }  <Ref> { arms }
          }
          <VertexRef> {
            1 2 6 56 57 59 86 87 89 116 117 119
            <Scalar> membership { 1.000000 }  <Ref> { arms }
          }
          <VertexRef> {
            5 13 16 19 22 23 48 49 52 77 79 82 104 105 107 108 109 112
            <Scalar> membership { 0.500000 }  <Ref> { arms }
          }
          <VertexRef> {
            11 14 15 74 75 78
            <Scalar> membership { 0.420000 }  <Ref> { arms }
          }
        }
        <Joint> scale_jnt24_1 {
          <Transform> {
            <Matrix4> {
              0.9997084736824036 -0.020478710532188416 -0.012790207751095295 0.0 
              0.012667655013501644 -0.00610297080129385 0.9999011754989624 0.0 
              -0.020554743707180023 -0.9997717142105103 -0.0058418880216777325 0.0 
              0.0 6.705522537231445e-08 0.0 1.0 
            }
          }
          <VertexRef> {
            0 7 8 9 10 12 50 51 53 54 55 58 80 81 83 84 85 88 110 111 113 114 115 118
            <Scalar> membership { 0.300000 }  <Ref> { arms }
          }
          <VertexRef> {
            5 13 16 19 22 23 48 49 52 77 79 82 104 105 107 108 109 112
            <Scalar> membership { 0.500000 }  <Ref> { arms }
          }
          <VertexRef> {
            11 14 15 74 75 78
            <Scalar> membership { 0.580000 }  <Ref> { arms }
          }
        }
      }
      <Joint> Luparm {
        <Transform> {
          <Matrix4> {
            0.993179202079773 -0.11647049337625504 -0.00545894680544734 0.0 
            0.11650398373603821 0.9931702017784119 0.006280902773141861 0.0 
            0.004690123721957207 -0.006874050945043564 0.9999654293060303 0.0 
            -2.4971299171447754 -0.09428524971008301 5.3680500984191895 1.0 
          }
        }
        <VertexRef> {
          26 27 29 30 31 34 38 39 41 42 43 46 62 63 65 66 67 70 92 93 95 96 97 100
          <Scalar> membership { 0.200000 }  <Ref> { arms }
        }
        <VertexRef> {
          3 4 17 18 20 21 24 25 28 44 45 47 68 69 71 72 73 76 98 99 101 102 103 106
          <Scalar> membership { 0.800000 }  <Ref> { arms }
        }
        <VertexRef> {
          181 184 185 186 187 190 192 194 195 200 201 203
          <Scalar> membership { 0.200000 }  <Ref> { Untitled }
        }
      }
      <Joint> Rh_wrist {
        <Transform> {
          <Matrix4> {
            0.9999924302101135 -0.0038882817607373 -1.0800609295813501e-09 0.0 
            0.0038882817607373 0.9999924302101135 4.336808689942018e-19 0.0 
            1.0800528249532704e-09 -4.1995816546513964e-12 1.0 0.0 
            3.911669969558716 -0.1259169578552246 5.361169815063477 1.0 
          }
        }
        <VertexRef> {
          232 241 279 281 282 308 314 316 319 393 394 397 406 409
          <Scalar> membership { 0.600000 }  <Ref> { hands }
        }
        <VertexRef> {
          240 305 306 428 449 450 453
          <Scalar> membership { 0.850000 }  <Ref> { hands }
        }
        <VertexRef> {
          235 257 258 328 329 330 331 357 363 365 366 369 371 372 389 390 419 420 422 423 424 427 443 444 446 447 448 451
          <Scalar> membership { 1.000000 }  <Ref> { hands }
        }
        <VertexRef> {
          231 242 256 259 261 262 265 320 381 383 384 387 405 425 426
          <Scalar> membership { 0.800000 }  <Ref> { hands }
        }
        <VertexRef> {
          237 239 362 376 379 380 429 431 432 435 437 438
          <Scalar> membership { 0.200000 }  <Ref> { hands }
        }
        <VertexRef> {
          233 238 260 310 313 327 332 358 359 360 361 370 373 374 375 377 378 417 418 421 430 433 434 436 439 440 441 442 445 452 454 457
          <Scalar> membership { 0.500000 }  <Ref> { hands }
        }
        <VertexRef> {
          214 217 218 220 223 224 226 229 230 232 235 236
          <Scalar> membership { 0.200000 }  <Ref> { Untitled }
        }
        <Joint> Rh_1 {
          <Transform> {
            <Matrix4> {
              1.0 1.7881393432617188e-07 -3.249387792256947e-16 0.0 
              -1.7881393432617188e-07 1.0 -2.9165726654129713e-19 0.0 
              2.309265924099399e-16 0.0 1.0 0.0 
              0.648259699344635 -0.1329769492149353 0.0510864295065403 1.0 
            }
          }
          <VertexRef> {
            232 241 279 281 282 308 314 316 319 393 394 397 406 409
            <Scalar> membership { 0.200000 }  <Ref> { hands }
          }
          <VertexRef> {
            233 260 267 269 270 280 283 284 303 304 307 309 310 311 312 313 323 324 326 327 334 337 338 452 454 455 456 457 458 459 460 463
            <Scalar> membership { 0.500000 }  <Ref> { hands }
          }
          <VertexRef> {
            240 305 306 428 449 450 453
            <Scalar> membership { 0.150000 }  <Ref> { hands }
          }
          <Joint> Rh_2 {
            <Transform> {
              <Matrix4> {
                1.0 -4.9639493227005e-07 1.0215217343886862e-17 0.0 
                4.9639493227005e-07 1.0 -3.150324445755359e-10 0.0 
                4.7921736023859296e-17 3.150324168199603e-10 1.0 0.0 
                0.36014649271965027 7.264316082000732e-08 5.3144804113003374e-09 1.0 
              }
            }
            <VertexRef> {
              268 271 272 273 274 275 276 277 278 321 322 325 333 335 336 461 462 464
              <Scalar> membership { 1.000000 }  <Ref> { hands }
            }
            <VertexRef> {
              267 269 270 280 283 284 303 304 307 309 311 312 323 324 326 334 337 338 455 456 458 459 460 463
              <Scalar> membership { 0.500000 }  <Ref> { hands }
            }
          }
        }
        <Joint> Rh_arm {
          <Transform> {
            <Matrix4> {
              1.0 8.021015673875809e-07 6.948807640405619e-10 0.0 
              -8.021015673875809e-07 0.9999999403953552 6.241174799193061e-10 0.0 
              -6.948802089290496e-10 -6.241180350308184e-10 1.0 0.0 
              -0.05108683928847313 -4.6566128730773926e-09 4.1701619934997325e-09 1.0 
            }
          }
          <VertexRef> {
            238 332 358 359 360 361 370 373 374 375 377 378 417 418 421 430 433 434 436 439 440 441 442 445
            <Scalar> membership { 0.500000 }  <Ref> { hands }
          }
          <VertexRef> {
            237 239 362 376 379 380 429 431 432 435 437 438
            <Scalar> membership { 0.800000 }  <Ref> { hands }
          }
          <VertexRef> {
            213 215 216 219 221 222 225 227 228 231 233 234
            <Scalar> membership { 1.000000 }  <Ref> { Untitled }
          }
          <VertexRef> {
            214 217 218 220 223 224 226 229 230 232 235 236
            <Scalar> membership { 0.800000 }  <Ref> { Untitled }
          }
        }
        <Joint> Rh_index1 {
          <Transform> {
            <Matrix4> {
              1.0 1.7881393432617188e-07 -2.1391647676317904e-16 0.0 
              -1.7881393432617188e-07 1.0 -2.9163079676169544e-19 0.0 
              1.1990259588152974e-16 0.0 1.0 0.0 
              0.6482596397399902 0.21054691076278687 0.044700149446725845 1.0 
            }
          }
          <VertexRef> {
            231 232 241 242 256 259 261 262 265 279 281 282 308 314 316 319 320 381 383 384 387 393 394 397 405 406 409 425 426
            <Scalar> membership { 0.200000 }  <Ref> { hands }
          }
          <VertexRef> {
            250 253 254 263 264 266 315 317 318 339 340 343 395 396 398 399 400 403 407 408 410 411 412 415
            <Scalar> membership { 0.500000 }  <Ref> { hands }
          }
          <Joint> Rh_index2 {
            <Transform> {
              <Matrix4> {
                1.0 -4.1374005377292633e-07 -1.0115606269289756e-16 0.0 
                4.1374005377292633e-07 1.0 1.4155802181489707e-12 0.0 
                -3.910412304294203e-17 -1.415580760250057e-12 1.0 0.0 
                0.36014503240585327 -1.8067657947540283e-07 4.821516199626785e-07 1.0 
              }
            }
            <VertexRef> {
              243 244 245 246 247 248 249 251 252 341 342 344 401 402 404 413 414 416
              <Scalar> membership { 1.000000 }  <Ref> { hands }
            }
            <VertexRef> {
              250 253 254 263 264 266 315 317 318 339 340 343 395 396 398 399 400 403 407 408 410 411 412 415
              <Scalar> membership { 0.500000 }  <Ref> { hands }
            }
          }
        }
        <Joint> Rh_thumb1 {
          <Transform> {
            <Matrix4> {
              0.8044784069061279 -0.5939818620681763 -6.786095574362605e-10 0.0 
              0.5939818620681763 0.8044784069061279 1.734723475976807e-18 0.0 
              5.45926803763308e-10 -4.030817346567517e-10 1.0 0.0 
              0.30473780632019043 0.3823089003562927 0.0510869063436985 1.0 
            }
          }
          <VertexRef> {
            234 236 255 286 289 290 291 293 294 299 300 302 346 349 350 364 367 368 382 385 386 388 391 392
            <Scalar> membership { 0.300000 }  <Ref> { hands }
          }
          <Joint> Rh_thumb2 {
            <Transform> {
              <Matrix4> {
                1.0 -2.086162567138672e-07 4.9682480351975755e-15 0.0 
                2.086162567138672e-07 1.0 -4.815591836404565e-08 0.0 
                8.104628079763643e-15 4.815591836404565e-08 1.0 0.0 
                2.1514198067507095e-07 0.15846890211105347 6.84876066969764e-09 1.0 
              }
            }
            <VertexRef> {
              234 236 255 286 289 290 291 293 294 299 300 302 346 349 350 364 367 368 382 385 386 388 391 392
              <Scalar> membership { 0.700000 }  <Ref> { hands }
            }
            <VertexRef> {
              285 287 288 292 295 296 297 298 301 345 347 348 351 352 353 354 355 356
              <Scalar> membership { 1.000000 }  <Ref> { hands }
            }
          }
        }
      }
      <Joint> Rsleeve_trans {
        <Transform> {
          <Matrix4> {
            -0.9999781250953674 0.005892634391784668 -0.0030116266570985317 0.0 
            0.003022196236997843 0.0017856427002698183 -0.9999939799308777 0.0 
            -0.005887220147997141 -0.9999810457229614 -0.0018034758977591991 0.0 
            3.9043800830841064 -0.12584495544433594 5.361149787902832 1.0 
          }
        }
        <VertexRef> {
          217 220 221 223 226 227 229 232 233 235 238 239
          <Scalar> membership { 1.000000 }  <Ref> { arms }
        }
        <VertexRef> {
          238 241 242 245 246 248 249 251 252 255 256 259
          <Scalar> membership { 1.000000 }  <Ref> { Untitled }
        }
      }
      <Joint> Ruparm {
        <Transform> {
          <Matrix4> {
            0.9999924302101135 -0.003884779056534171 -1.1986208692249534e-09 0.0 
            0.003884779056534171 0.9999924898147583 0.0 0.0 
            1.198611876418454e-09 -4.65637728028212e-12 1.0 0.0 
            2.4467899799346924 -0.0859748125076294 5.356820106506348 1.0 
          }
        }
        <VertexRef> {
          192 194 195 198 200 201 204 206 207 210 212 213 216 218 219 222 224 225 228 230 231 234 236 237
          <Scalar> membership { 0.200000 }  <Ref> { arms }
        }
        <VertexRef> {
          121 122 126 127 130 144 146 147 150 152 153 191 193 196 197 199 202 203 205 208 209 211 214 215
          <Scalar> membership { 0.800000 }  <Ref> { arms }
        }
        <VertexRef> {
          237 239 240 243 244 247 250 253 254 257 258 260
          <Scalar> membership { 0.200000 }  <Ref> { Untitled }
        }
      }
      <Joint> jnt24_2 {
        <Transform> {
          <Matrix4> {
            0.99968022108078 -0.020478613674640656 -0.014836465008556843 0.0 
            0.01469421572983265 -0.007079244591295719 0.9998670816421509 0.0 
            -0.020580923184752464 -0.9997653365135193 -0.006776203401386738 0.0 
            -2.596450090408325 -0.09225070476531982 5.36952018737793 1.0 
          }
        }
        <Joint> Lforearm {
          <Transform> {
            <Matrix4> {
              0.9981597661972046 0.011220577172935009 -0.05959116294980049 0.0 
              -0.05960331857204437 0.0007521649822592735 -0.9982218742370605 0.0 
              -0.011155803687870502 0.9999367594718933 0.0014194789109751582 0.0 
              -0.1392318159341812 -5.651963874697685e-08 0.0 1.0 
            }
          }
          <VertexRef> {
            3 4 17 18 20 21 24 25 28 44 45 47 68 69 71 72 73 76 98 99 101 102 103 106
            <Scalar> membership { 0.200000 }  <Ref> { arms }
          }
          <VertexRef> {
            26 27 29 30 31 34 38 39 41 42 43 46 62 63 65 66 67 70 92 93 95 96 97 100
            <Scalar> membership { 0.800000 }  <Ref> { arms }
          }
          <VertexRef> {
            181 184 185 186 187 190 192 194 195 200 201 203
            <Scalar> membership { 0.800000 }  <Ref> { Untitled }
          }
        }
      }
      <Joint> jnt27_2 {
        <Transform> {
          <Matrix4> {
            -0.9999781250953674 0.005892871413379908 -0.003011623863130808 0.0 
            0.003022195538505912 0.0017856371123343706 -0.9999942779541016 0.0 
            -0.005887456703931093 -0.9999811053276062 -0.0018035834655165672 0.0 
            2.5510001182556152 -0.11786997318267822 5.357069969177246 1.0 
          }
        }
        <Joint> Rforearm {
          <Transform> {
            <Matrix4> {
              -0.9999933242797852 0.003022455144673586 -0.002002910478040576 0.0 
              0.002008313313126564 0.0017863372340798378 -0.9999959468841553 0.0 
              -0.0030188667587935925 -0.9999936819076538 -0.0017922369297593832 0.0 
              -0.13029766082763672 3.500026650726795e-07 3.632158041000366e-08 1.0 
            }
          }
          <VertexRef> {
            121 122 126 127 130 144 146 147 150 152 153 191 193 196 197 199 202 203 205 208 209 211 214 215
            <Scalar> membership { 0.200000 }  <Ref> { arms }
          }
          <VertexRef> {
            192 194 195 198 200 201 204 206 207 210 212 213 216 218 219 222 224 225 228 230 231 234 236 237
            <Scalar> membership { 0.800000 }  <Ref> { arms }
          }
          <VertexRef> {
            237 239 240 243 244 247 250 253 254 257 258 260
            <Scalar> membership { 0.800000 }  <Ref> { Untitled }
          }
        }
      }
      <Joint> jnt3_2 {
        <Transform> {
          <Matrix4> {
            0.0008506686426699162 0.15020258724689484 0.9886548519134521 0.0 
            0.9999996423721313 -0.0006033960380591452 -0.0007687954930588603 0.0 
            0.0004810753744095564 0.9886550307273865 -0.15020303428173065 0.0 
            -0.4361779987812042 0.18449199199676514 1.9505800008773804 1.0 
          }
        }
        <VertexRef> {
          2 3 8 9 11 12 56 57 60 62 63 66
          <Scalar> membership { 0.600000 }  <Ref> { legs }
        }
        <VertexRef> {
          0 44 45 48 68 69
          <Scalar> membership { 0.680000 }  <Ref> { legs }
        }
        <VertexRef> {
          1 4 5 6 7 10 13 16 50 51
          <Scalar> membership { 1.000000 }  <Ref> { legs }
        }
        <VertexRef> {
          32 33 38 39 42 71
          <Scalar> membership { 0.410000 }  <Ref> { legs }
        }
        <VertexRef> {
          26 27 30 65 67 70
          <Scalar> membership { 0.430000 }  <Ref> { legs }
        }
        <VertexRef> {
          17 53
          <Scalar> membership { 0.990000 }  <Ref> { legs }
        }
        <VertexRef> {
          14 15 47 49 52 54
          <Scalar> membership { 0.640000 }  <Ref> { legs }
        }
        <VertexRef> {
          18 20 21 24 41 43 46 55 58 59 61 64
          <Scalar> membership { 0.440000 }  <Ref> { legs }
        }
      }
      <Joint> jnt4_2 {
        <Transform> {
          <Matrix4> {
            0.002492350060492754 0.15019017457962036 0.9886540770530701 0.0 
            0.9999960660934448 -0.0017677412834018469 -0.002252488397061825 0.0 
            0.0014093827921897173 0.9886556267738342 -0.1501939594745636 0.0 
            0.3906950056552887 0.18446803092956543 1.9505800008773804 1.0 
          }
        }
        <VertexRef> {
          72 126
          <Scalar> membership { 0.990000 }  <Ref> { legs }
        }
        <VertexRef> {
          78 80 81 91 94 95 98 99 101 102 103 106 116 117 119 120 121 124 134 135 137 138 139 142
          <Scalar> membership { 0.200000 }  <Ref> { legs }
        }
        <VertexRef> {
          74 75 84 86 87 110 111 113 127 130
          <Scalar> membership { 1.000000 }  <Ref> { legs }
        }
        <VertexRef> {
          73 76 77 85 88 89 90 92 93 104 105 107 108 109 112 114 115 118 128 129 131 132 133 136
          <Scalar> membership { 0.800000 }  <Ref> { legs }
        }
      }
      <Joint> joint_Lhold {
        <Transform> {
          <Matrix4> {
            0.9982080459594727 0.05972618982195854 -0.0036548981443047523 0.0 
            -0.05971718952059746 0.9982120990753174 0.0025229710154235363 0.0 
            0.0037990508135408163 -0.002300189808011055 0.9999901652336121 0.0 
            -3.8685998916625977 -0.06619024276733398 5.388400077819824 1.0 
          }
        }
      }
      <Joint> joint_Rhold {
        <Transform> {
          <Matrix4> {
            0.9999924302101135 -0.0038881346117705107 -1.0800612626482575e-09 0.0 
            0.0038881346117705107 0.9999924898147583 0.0 0.0 
            1.0800531580201778e-09 -4.1994237948150825e-12 1.0 0.0 
            4.623219966888428 -0.1286829710006714 5.333099842071533 1.0 
          }
        }
      }
      <Joint> joint_head {
        <Transform> {
          <Matrix4> {
            1.0 0.0 0.0 0.0 
            0.0 1.0 0.0 0.0 
            0.0 0.0 1.0 0.0 
            -5.342010167552758e-10 0.0 6.058050155639648 1.0 
          }
        }
      }
      <Joint> joint_nameTag {
        <Transform> {
          <Matrix4> {
            1.0 0.0 0.0 0.0 
            0.0 1.0 0.0 0.0 
            0.0 0.0 1.0 0.0 
            0.0 0.0 0.0 1.0 
          }
        }
      }
      <Joint> joint_shadow {
        <Transform> {
          <Matrix4> {
            1.0 0.0 0.0 0.0 
            0.0 1.0 0.0 0.0 
            0.0 0.0 1.0 0.0 
            0.0 0.0 0.0062500000931322575 1.0 
          }
        }
      }
      <Joint> null7 {
        <Transform> {
          <Matrix4> {
            -0.9999781250953674 0.005892513785511255 -0.003011505352333188 0.0 
            0.003022076329216361 0.001785636879503727 -0.9999942779541016 0.0 
            -0.005887099076062441 -0.9999811053276062 -0.0018035811372101307 0.0 
            1.6126099824905396 -0.11233997344970703 5.354249954223633 1.0 
          }
        }
        <Joint> jnt28_1 {
          <Transform> {
            <Matrix4> {
              -0.9969766139984131 0.04457926005125046 0.06364081799983978 0.0 
              0.04448871314525604 0.999005913734436 -0.0028399049770087004 0.0 
              -0.06370415538549423 -2.0489096641540527e-08 -0.9979687929153442 0.0 
              1.4220131561160088e-07 2.817105269059539e-07 2.60770320892334e-08 1.0 
            }
          }
          <VertexRef> {
            125 133 136 137 138 140 141 157 160 161 163 166 167 168 170 171 174 176 177 181 182 183 184 186
            <Scalar> membership { 0.700000 }  <Ref> { arms }
          }
          <VertexRef> {
            123 124 139 142 143 169 172 173 175 178 179 180
            <Scalar> membership { 1.000000 }  <Ref> { arms }
          }
          <VertexRef> {
            120 128 129 131 132 134 135 145 148 149 151 154 155 156 158 159 162 164 165 185 187 188 189 190
            <Scalar> membership { 0.500000 }  <Ref> { arms }
          }
        }
      }
      <Joint> scale_jnt27_1 {
        <Transform> {
          <Matrix4> {
            -0.9999781250953674 0.005892752204090357 -0.003011506050825119 0.0 
            0.003022074932232499 0.001785638858564198 -0.9999936819076538 0.0 
            -0.005887338425964117 -0.9999809861183167 -0.001803348888643086 0.0 
            1.6126099824905396 -0.11233997344970703 5.354249954223633 1.0 
          }
        }
        <VertexRef> {
          125 133 136 137 138 140 141 157 160 161 163 166 167 168 170 171 174 176 177 181 182 183 184 186
          <Scalar> membership { 0.300000 }  <Ref> { arms }
        }
        <VertexRef> {
          120 128 129 131 132 134 135 145 148 149 151 154 155 156 158 159 162 164 165 185 187 188 189 190
          <Scalar> membership { 0.500000 }  <Ref> { arms }
        }
      }
      <Joint> scale_jnt3_1 {
        <Transform> {
          <Matrix4> {
            0.0006540894974023104 -0.17112556099891663 0.985248863697052 0.0 
            0.9999994039535522 -0.0006039285799488425 -0.0007686364697292447 0.0 
            0.0007265534368343651 0.9852489233016968 0.17112509906291962 0.0 
            -0.43514999747276306 -0.08431005477905273 3.498199939727783 1.0 
          }
        }
        <VertexRef> {
          0 44 45 48 68 69
          <Scalar> membership { 0.320000 }  <Ref> { legs }
        }
        <VertexRef> {
          29 31 34
          <Scalar> membership { 0.630000 }  <Ref> { legs }
        }
        <VertexRef> {
          17 53
          <Scalar> membership { 0.010000 }  <Ref> { legs }
        }
        <VertexRef> {
          35 36
          <Scalar> membership { 0.710000 }  <Ref> { legs }
        }
        <VertexRef> {
          2 3 8 9 11 12 56 57 60 62 63 66
          <Scalar> membership { 0.400000 }  <Ref> { legs }
        }
        <VertexRef> {
          18 20 21 24 41 43 46 55 58 59 61 64
          <Scalar> membership { 0.560000 }  <Ref> { legs }
        }
        <VertexRef> {
          32 33 38 39 42 71
          <Scalar> membership { 0.590000 }  <Ref> { legs }
        }
        <VertexRef> {
          14 15 47 49 52 54
          <Scalar> membership { 0.360000 }  <Ref> { legs }
        }
        <VertexRef> {
          26 27 30 65 67 70
          <Scalar> membership { 0.570000 }  <Ref> { legs }
        }
        <VertexRef> {
          19 22 23 25 28 37 40
          <Scalar> membership { 0.580000 }  <Ref> { legs }
        }
      }
      <Joint> scale_jnt4_1 {
        <Transform> {
          <Matrix4> {
            0.001917000743560493 -0.17111016809940338 0.9852499961853027 0.0 
            0.9999958872795105 -0.0017670004162937403 -0.0022525654640048742 0.0 
            0.0021263740491122007 0.9852502942085266 0.17110608518123627 0.0 
            0.39370501041412354 -0.08430993556976318 3.498199939727783 1.0 
          }
        }
        <VertexRef> {
          79 82 83 96 97 100 122 123 125 140 141 143
          <Scalar> membership { 1.000000 }  <Ref> { legs }
        }
        <VertexRef> {
          73 76 77 85 88 89 90 92 93 104 105 107 108 109 112 114 115 118 128 129 131 132 133 136
          <Scalar> membership { 0.200000 }  <Ref> { legs }
        }
