<CoordinateSystem> { Z-up } 
<Material> default.003 {
  <Scalar> diffr { 1.000000 }
  <Scalar> diffg { 1.000000 }
  <Scalar> diffb { 1.000000 }
  <Scalar> specr { 0.000000 }
  <Scalar> specg { 0.000000 }
  <Scalar> specb { 0.000000 }
  <Scalar> shininess { 0.25 }
  <Scalar> ambr { 1.000000 }
  <Scalar> ambg { 1.000000 }
  <Scalar> ambb { 1.000000 }
  <Scalar> emitr { 0.000000 }
  <Scalar> emitg { 0.000000 }
  <Scalar> emitb { 0.000000 }
}

<Material> default {
  <Scalar> diffr { 1.000000 }
  <Scalar> diffg { 1.000000 }
  <Scalar> diffb { 1.000000 }
  <Scalar> specr { 0.000000 }
  <Scalar> specg { 0.000000 }
  <Scalar> specb { 0.000000 }
  <Scalar> shininess { 0.25 }
  <Scalar> ambr { 1.000000 }
  <Scalar> ambg { 1.000000 }
  <Scalar> ambb { 1.000000 }
  <Scalar> emitr { 0.000000 }
  <Scalar> emitg { 0.000000 }
  <Scalar> emitb { 0.000000 }
}

<Material> default.005 {
  <Scalar> diffr { 1.000000 }
  <Scalar> diffg { 1.000000 }
  <Scalar> diffb { 1.000000 }
  <Scalar> specr { 0.000000 }
  <Scalar> specg { 0.000000 }
  <Scalar> specb { 0.000000 }
  <Scalar> shininess { 0.25 }
  <Scalar> ambr { 1.000000 }
  <Scalar> ambg { 1.000000 }
  <Scalar> ambb { 1.000000 }
  <Scalar> emitr { 0.000000 }
  <Scalar> emitg { 0.000000 }
  <Scalar> emitb { 0.000000 }
}

<Material> default.002 {
  <Scalar> diffr { 1.000000 }
  <Scalar> diffg { 1.000000 }
  <Scalar> diffb { 1.000000 }
  <Scalar> specr { 0.000000 }
  <Scalar> specg { 0.000000 }
  <Scalar> specb { 0.000000 }
  <Scalar> shininess { 0.25 }
  <Scalar> ambr { 1.000000 }
  <Scalar> ambg { 1.000000 }
  <Scalar> ambb { 1.000000 }
  <Scalar> emitr { 0.000000 }
  <Scalar> emitg { 0.000000 }
  <Scalar> emitb { 0.000000 }
}

<Material> default.001 {
  <Scalar> diffr { 1.000000 }
  <Scalar> diffg { 1.000000 }
  <Scalar> diffb { 1.000000 }
  <Scalar> specr { 0.000000 }
  <Scalar> specg { 0.000000 }
  <Scalar> specb { 0.000000 }
  <Scalar> shininess { 0.25 }
  <Scalar> ambr { 1.000000 }
  <Scalar> ambg { 1.000000 }
  <Scalar> ambb { 1.000000 }
  <Scalar> emitr { 0.000000 }
  <Scalar> emitg { 0.000000 }
  <Scalar> emitb { 0.000000 }
}

<Material> default.004 {
  <Scalar> diffr { 1.000000 }
  <Scalar> diffg { 1.000000 }
  <Scalar> diffb { 1.000000 }
  <Scalar> specr { 0.000000 }
  <Scalar> specg { 0.000000 }
  <Scalar> specb { 0.000000 }
  <Scalar> shininess { 0.25 }
  <Scalar> ambr { 1.000000 }
  <Scalar> ambg { 1.000000 }
  <Scalar> ambb { 1.000000 }
  <Scalar> emitr { 0.000000 }
  <Scalar> emitg { 0.000000 }
  <Scalar> emitb { 0.000000 }
}

<Texture> hand {
  "/c/Toontown Online Client 2013((sv1.0.47.38))/resources/phase_3/maps/hand.jpg"
  <Scalar> envtype { MODULATE }
  <Scalar> minfilter { LINEAR_MIPMAP_LINEAR }
  <Scalar> magfilter { LINEAR_MIPMAP_LINEAR }
  <Scalar> wrap { REPEAT }
}

<Texture> l_blazer {
  "/c/Toontown Online Client 2013((sv1.0.47.38))/resources/phase_3.5/maps/l_blazer.jpg"
  <Scalar> envtype { MODULATE }
  <Scalar> minfilter { LINEAR_MIPMAP_LINEAR }
  <Scalar> magfilter { LINEAR_MIPMAP_LINEAR }
  <Scalar> wrap { REPEAT }
}

<Texture> l_sleeve {
  "/c/Toontown Online Client 2013((sv1.0.47.38))/resources/phase_3.5/maps/l_sleeve.jpg"
  <Scalar> envtype { MODULATE }
  <Scalar> minfilter { LINEAR_MIPMAP_LINEAR }
  <Scalar> magfilter { LINEAR_MIPMAP_LINEAR }
  <Scalar> wrap { REPEAT }
}

<Texture> l_leg {
  "/c/Toontown Online Client 2013((sv1.0.47.38))/resources/phase_3.5/maps/l_leg.jpg"
  <Scalar> envtype { MODULATE }
  <Scalar> minfilter { LINEAR_MIPMAP_LINEAR }
  <Scalar> magfilter { LINEAR_MIPMAP_LINEAR }
  <Scalar> wrap { REPEAT }
}

<Texture> phase_3.5_palette_1lmla_1 {
  "/c/Toontown Online Client 2013((sv1.0.47.38))/resources/phase_3.5/maps/phase_3.5_palette_1lmla_1.jpg"
  <Scalar> envtype { MODULATE }
  <Scalar> minfilter { LINEAR_MIPMAP_LINEAR }
  <Scalar> magfilter { LINEAR_MIPMAP_LINEAR }
  <Scalar> wrap { REPEAT }
}

<Texture> l_arm {
  "/c/Toontown Online Client 2013((sv1.0.47.38))/resources/phase_3.5/maps/l_arm.jpg"
  <Scalar> envtype { MODULATE }
  <Scalar> minfilter { LINEAR_MIPMAP_LINEAR }
  <Scalar> magfilter { LINEAR_MIPMAP_LINEAR }
  <Scalar> wrap { REPEAT }
}

  <Group> suitC {
    <Dart> { structured }
    <Joint> suitC {
      <Transform> {
        <Matrix4> {
          1.0 0.0 0.0 0.0 
          0.0 1.0 0.0 0.0 
          0.0 0.0 1.0 0.0 
          0.0 0.0 0.0 1.0 
        }
      }
      <Joint> CONSlegL {
        <Transform> {
          <Matrix4> {
            0.9999984502792358 -0.0010699561098590493 0.0014063603011891246 0.0 
            0.0010428030509501696 0.9998156428337097 0.019168293103575706 0.0 
            -0.0014266105135902762 -0.019166797399520874 0.9998152852058411 0.0 
            -0.3113369941711426 0.004961371421813965 1.697450041770935 1.0 
          }
        }
        <VertexRef> {
          8 21 47 48 51 87 99
          <Scalar> membership { 0.300000 }  <Ref> { torso }
        }
        <Joint> to_coatLBack {
          <Transform> {
            <Matrix4> {
              1.0 2.3348547983914614e-08 5.129550117999315e-10 0.0 
              -2.3346728994511068e-08 1.0 -2.4525661501684226e-07 0.0 
              -4.656612873077393e-10 2.4272310383821605e-07 1.0 0.0 
              -0.3696478307247162 -1.215050220489502 0.13926351070404053 1.0 
            }
          }
          <VertexRef> {
            22 25 28 31 101 102 105
            <Scalar> membership { 0.200000 }  <Ref> { torso }
          }
          <VertexRef> {
            15 92 94 97 111
            <Scalar> membership { 0.700000 }  <Ref> { torso }
          }
          <VertexRef> {
            7 16 19 88 91
            <Scalar> membership { 0.500000 }  <Ref> { torso }
          }
          <VertexRef> {
            89 90 93 100 103
            <Scalar> membership { 0.600000 }  <Ref> { torso }
          }
        }
        <Joint> to_coatLFront {
          <Transform> {
            <Matrix4> {
              1.0 1.939042704179883e-08 5.875335773453116e-10 0.0 
              -1.9555955077521503e-08 0.9999999403953552 -2.8065221613360336e-07 0.0 
              -5.038600647822022e-10 2.7811336167360423e-07 1.0 0.0 
              -0.2916968762874603 1.5093002319335938 0.02671217732131481 1.0 
            }
          }
          <VertexRef> {
            45 53 54 134 135
            <Scalar> membership { 0.200000 }  <Ref> { torso }
          }
          <VertexRef> {
            6 20 46 49 50 68 137 138 141 143 144
            <Scalar> membership { 0.500000 }  <Ref> { torso }
          }
        }
      }
      <Joint> CONSlegR {
        <Transform> {
          <Matrix4> {
            0.9999970197677612 -0.0014575591776520014 0.0019267499446868896 0.0 
            0.0014203935861587524 0.9998155832290649 0.01915198378264904 0.0 
            -0.0019543098751455545 -0.019149191677570343 0.9998146891593933 0.0 
            0.3135400116443634 0.0048413872718811035 1.7033400535583496 1.0 
          }
        }
        <VertexRef> {
          71 72 110 122 149 150 153
          <Scalar> membership { 0.300000 }  <Ref> { torso }
        }
        <Joint> to_coatRBack {
          <Transform> {
            <Matrix4> {
              1.0 2.350861905142665e-08 -2.9103830456733704e-10 0.0 
              -2.3417669581249356e-08 1.0 1.7458683032600675e-07 0.0 
              -4.9112713895738125e-11 -1.737739694362972e-07 1.0 0.0 
              0.36556506156921387 -1.2156505584716797 0.1335778534412384 1.0 
            }
          }
          <VertexRef> {
            32 107 108 155 156 159
            <Scalar> membership { 0.200000 }  <Ref> { torso }
          }
          <VertexRef> {
            98 113 114 117
            <Scalar> membership { 0.700000 }  <Ref> { torso }
          }
          <VertexRef> {
            63 69 116 118 121
            <Scalar> membership { 0.500000 }  <Ref> { torso }
          }
          <VertexRef> {
            95 96 104 106 109 119 120
            <Scalar> membership { 0.600000 }  <Ref> { torso }
          }
        }
        <Joint> to_coatRFront {
          <Transform> {
            <Matrix4> {
              1.0 1.966327545233071e-08 -4.4929038267582655e-10 0.0 
              -1.9550498109310865e-08 1.0 1.8948048818856478e-07 0.0 
              2.0554580260068178e-10 -1.886749032564694e-07 1.0 0.0 
              0.28761500120162964 1.5005404949188232 -0.0032169301994144917 1.0 
            }
          }
          <VertexRef> {
            128 130 133 136 139 148 151
            <Scalar> membership { 0.200000 }  <Ref> { torso }
          }
          <VertexRef> {
            65 66 70 73 74 140 142 145 146 147
            <Scalar> membership { 0.500000 }  <Ref> { torso }
          }
        }
      }
      <Joint> Lh_wrist {
        <Transform> {
          <Matrix4> {
            0.9998326301574707 -0.018288753926753998 0.000492726219817996 0.0 
            0.018289489671587944 0.9998315572738647 -0.0015326307620853186 0.0 
            -0.0004646133165806532 0.001541385892778635 0.9999986886978149 0.0 
            -3.0880300998687744 -0.21470296382904053 3.5576000213623047 1.0 
          }
        }
        <VertexRef> {
          31 34 35 137 144 146 147 194 195 198 205 208
          <Scalar> membership { 1.000000 }  <Ref> { hands }
        }
        <VertexRef> {
          133 136 209 211 214 218 219 222
          <Scalar> membership { 0.420000 }  <Ref> { hands }
        }
        <VertexRef> {
          4 10 197 199 202 217 220
          <Scalar> membership { 0.800000 }  <Ref> { hands }
        }
        <VertexRef> {
          11 132 175 178 216
          <Scalar> membership { 0.660000 }  <Ref> { hands }
        }
        <VertexRef> {
          3 6 7 8 12 13 14 15 16 17 134 135 145 148 149 176 177 179 200 201 203
          <Scalar> membership { 0.500000 }  <Ref> { hands }
        }
        <VertexRef> {
          5 9 174
          <Scalar> membership { 0.870000 }  <Ref> { hands }
        }
        <VertexRef> {
          19 43 46 193 196 221 223 226
          <Scalar> membership { 0.490000 }  <Ref> { hands }
        }
        <VertexRef> {
          156 162 163 166 168 169 172 175 178
          <Scalar> membership { 0.500000 }  <Ref> { Untitled }
        }
        <VertexRef> {
          157 160 174
          <Scalar> membership { 0.870000 }  <Ref> { Untitled }
        }
        <Joint> Lh_1 {
          <Transform> {
            <Matrix4> {
              1.0 7.917719813121948e-10 1.7927777662407607e-07 0.0 
              6.363052307278849e-10 0.9999999403953552 -1.9774695829255506e-05 0.0 
              -1.7931597540155053e-07 1.977457941393368e-05 0.9999999403953552 0.0 
              -0.3119302988052368 -0.09186852723360062 0.015052538365125656 1.0 
            }
          }
          <VertexRef> {
            77 110 111 114 131
            <Scalar> membership { 0.390000 }  <Ref> { hands }
          }
          <VertexRef> {
            73 76 102 104 105 108 140 141 143 185 187 190
            <Scalar> membership { 0.600000 }  <Ref> { hands }
          }
          <VertexRef> {
            0 22 30 32 33 47 72 74 75 103 106 116 117 192 204
            <Scalar> membership { 1.000000 }  <Ref> { hands }
          }
          <VertexRef> {
            2 71 85 88 107 191
            <Scalar> membership { 0.500000 }  <Ref> { hands }
          }
          <VertexRef> {
            23 67 70 119 122 123 188 189
            <Scalar> membership { 0.580000 }  <Ref> { hands }
          }
          <Joint> Lh_2 {
            <Transform> {
              <Matrix4> {
                0.999832808971405 -0.01828695461153984 -5.538204277399927e-07 0.0 
                0.01828695461153984 0.9998327493667603 2.0276429495424964e-05 0.0 
                1.8299397197552025e-07 -2.0283536287024617e-05 1.0 0.0 
                -0.1852104365825653 0.003531860653311014 0.014831884764134884 1.0 
              }
            }
            <VertexRef> {
              73 76 102 104 105 108 140 141 143 185 187 190
              <Scalar> membership { 0.400000 }  <Ref> { hands }
            }
            <VertexRef> {
              77 110 111 114 131
              <Scalar> membership { 0.610000 }  <Ref> { hands }
            }
            <VertexRef> {
              60 61 62 63 64 65 109 112 113 115 118 126 127 128 129 130 138 139 142 180 181 182 183 184 186
              <Scalar> membership { 1.000000 }  <Ref> { hands }
            }
          }
        }
        <Joint> Lh_arm {
          <Transform> {
            <Matrix4> {
              0.9993380904197693 -0.03637521341443062 -0.0005308290128596127 0.0 
              0.03637522831559181 0.9993382096290588 2.5270092010032386e-06 0.0 
              0.0005303857615217566 -2.1834212020621635e-05 0.9999998807907104 0.0 
              0.03310985118150711 -0.0012053493410348892 -1.199368853121996e-07 1.0 
            }
          }
          <VertexRef> {
            3 6 7 8 12 13 14 15 16 17 134 135 145 148 149 176 177 179 200 201 203
            <Scalar> membership { 0.500000 }  <Ref> { hands }
          }
          <VertexRef> {
            158 159 161 164 165 167 170 171 173 176 177 179
            <Scalar> membership { 1.000000 }  <Ref> { Untitled }
          }
          <VertexRef> {
            156 162 163 166 168 169 172 175 178
            <Scalar> membership { 0.500000 }  <Ref> { Untitled }
          }
        }
        <Joint> Lh_index1 {
          <Transform> {
            <Matrix4> {
              0.9999999403953552 -8.43701036501443e-06 1.7940146790351719e-07 0.0 
              8.438290933554526e-06 0.9999999403953552 -2.003810732276179e-05 0.0 
              -1.7930142348632216e-07 2.0038114598719403e-05 0.9999999403953552 0.0 
              -0.31027066707611084 0.1959867775440216 0.020145170390605927 1.0 
            }
          }
          <VertexRef> {
            38 39 49 52 66 91 94 120 121 124 150 152 153
            <Scalar> membership { 0.300000 }  <Ref> { hands }
          }
          <VertexRef> {
            21 44 45 48 59 125
            <Scalar> membership { 0.770000 }  <Ref> { hands }
          }
          <VertexRef> {
            1 50 51 56 57 89 206 207 210
            <Scalar> membership { 1.000000 }  <Ref> { hands }
          }
          <VertexRef> {
            23 67 70 119 122 123 188 189
            <Scalar> membership { 0.420000 }  <Ref> { hands }
          }
          <VertexRef> {
            41 53 68 69 84 86 87 95 157 160 161
            <Scalar> membership { 0.400000 }  <Ref> { hands }
          }
          <VertexRef> {
            2 71 85 88 107 191
            <Scalar> membership { 0.500000 }  <Ref> { hands }
          }
          <Joint> Lh_index2 {
            <Transform> {
              <Matrix4> {
                0.9998329281806946 -0.018278563395142555 -5.587171472143382e-07 0.0 
                0.018278559669852257 0.9998329877853394 2.053724165307358e-05 0.0 
                1.8318496586289257e-07 -2.0544031940517016e-05 1.0 0.0 
                -0.18521007895469666 0.003530294168740511 0.014831609092652798 1.0 
              }
            }
            <VertexRef> {
              41 53 68 69 84 86 87 95 157 160 161
              <Scalar> membership { 0.600000 }  <Ref> { hands }
            }
            <VertexRef> {
              38 39 49 52 66 91 94 120 121 124 150 152 153
              <Scalar> membership { 0.700000 }  <Ref> { hands }
            }
            <VertexRef> {
              24 25 26 27 28 29 36 37 40 90 92 93 151 154 155 156 158 159
              <Scalar> membership { 1.000000 }  <Ref> { hands }
            }
          }
        }
        <Joint> Lh_thumb1 {
          <Transform> {
            <Matrix4> {
              0.5000004172325134 -0.8660252094268799 -5.372130544856191e-07 0.0 
              0.8660225868225098 0.49999895691871643 -0.0024816326331347227 0.0 
              0.0021494252141565084 0.0012403521686792374 0.9999969005584717 0.0 
              -0.16025778651237488 0.36670592427253723 -0.008625966496765614 1.0 
            }
          }
          <VertexRef> {
            18 78 227 229 232
            <Scalar> membership { 0.150000 }  <Ref> { hands }
          }
          <VertexRef> {
            54 97 100 101 164 165 212 213 215 224 225 228
            <Scalar> membership { 0.600000 }  <Ref> { hands }
          }
          <VertexRef> {
            21 44 45 48 59 125
            <Scalar> membership { 0.230000 }  <Ref> { hands }
          }
          <VertexRef> {
            20 42 55 58 79 82 167
            <Scalar> membership { 0.380000 }  <Ref> { hands }
          }
          <Joint> Lh_thumb2 {
            <Transform> {
              <Matrix4> {
                0.9999999403953552 5.697352207789663e-07 -3.843451850116253e-07 0.0 
                -5.626961865345947e-07 1.0 7.284106686711311e-07 0.0 
                3.843451850116253e-07 -7.284106686711311e-07 1.0 0.0 
                -0.11504186689853668 -0.0005928613245487213 0.00030204339418560266 1.0 
              }
            }
            <VertexRef> {
              20 42 55 58 79 82 167
              <Scalar> membership { 0.620000 }  <Ref> { hands }
            }
            <VertexRef> {
              54 97 100 101 164 165 212 213 215 224 225 228
              <Scalar> membership { 0.400000 }  <Ref> { hands }
            }
            <VertexRef> {
              18 78 227 229 232
              <Scalar> membership { 0.850000 }  <Ref> { hands }
            }
            <VertexRef> {
              80 81 83 96 98 99 162 163 166 168 169 170 171 172 173 230 231 233
              <Scalar> membership { 1.000000 }  <Ref> { hands }
            }
          }
        }
        <Joint> LupVct {
          <Transform> {
            <Matrix4> {
              1.0 5.635925504066108e-07 -3.790773916989565e-09 0.0 
              -5.612288873635407e-07 0.9999999403953552 4.53662323707249e-07 0.0 
              3.785316948778927e-09 -4.536732376436703e-07 0.9999999403953552 0.0 
              -0.12754355370998383 0.34785696864128113 -1.4527176972478628e-07 1.0 
            }
          }
          <VertexRef> {
            11 132 175 178 216
            <Scalar> membership { 0.340000 }  <Ref> { hands }
          }
          <VertexRef> {
            4 10 197 199 202 217 220
            <Scalar> membership { 0.200000 }  <Ref> { hands }
          }
          <VertexRef> {
            5 9 174
            <Scalar> membership { 0.130000 }  <Ref> { hands }
          }
          <VertexRef> {
            19 43 46 193 196 221 223 226
            <Scalar> membership { 0.510000 }  <Ref> { hands }
          }
          <VertexRef> {
            133 136 209 211 214 218 219 222
            <Scalar> membership { 0.580000 }  <Ref> { hands }
          }
          <VertexRef> {
            157 160 174
            <Scalar> membership { 0.130000 }  <Ref> { Untitled }
          }
        }
      }
      <Joint> Lshoulder_arm {
        <Transform> {
          <Matrix4> {
            1.0 0.0 0.0 0.0 
            0.0 1.0 0.0 0.0 
            0.0 0.0 1.0 0.0 
            -0.891480028629303 -0.13896596431732178 3.5592501163482666 1.0 
          }
        }
        <Joint> Lsleeve_trans {
          <Transform> {
            <Matrix4> {
              0.9962189197540283 -0.08687837421894073 8.782936492934823e-05 0.0 
              0.0 0.0010109456488862634 0.9999994039535522 0.0 
              -0.08687841147184372 -0.9962183237075806 0.0010072510922327638 0.0 
              -1.9677400588989258 -0.09568941593170166 -0.0016498565673828125 1.0 
            }
          }
          <VertexRef> {
            1 4 60
            <Scalar> membership { 0.500000 }  <Ref> { arms }
          }
          <VertexRef> {
            0 56 57 59 61 64 90 91 94
            <Scalar> membership { 0.490000 }  <Ref> { arms }
          }
          <VertexRef> {
            181 184 187 190
            <Scalar> membership { 0.500000 }  <Ref> { Untitled }
          }
          <VertexRef> {
            185 186 192 194 195 200 201 203
            <Scalar> membership { 0.490000 }  <Ref> { Untitled }
          }
        }
        <Joint> null5 {
          <Transform> {
            <Matrix4> {
              0.9989598989486694 0.04559701681137085 -4.6093828132143244e-05 0.0 
              0.0 0.0010108952410519123 0.9999995231628418 0.0 
              0.04559704288840294 -0.9989594221115112 0.0010097837075591087 0.0 
              -0.2839650511741638 -0.11531400680541992 -0.001650094985961914 1.0 
            }
          }
          <VertexRef> {
            83 85 88 110 111 114
            <Scalar> membership { 0.170000 }  <Ref> { arms }
          }
          <Joint> jnt23_1 {
            <Transform> {
              <Matrix4> {
                -0.98570317029953 0.013706153258681297 0.16793279349803925 0.0 
                -0.1679178923368454 0.0022398121654987335 -0.9857985973358154 0.0 
                -0.013887668028473854 -0.9999035596847534 9.366130689159036e-05 0.0 
                -0.0008992236689664423 -0.0009254573378711939 0.00032455427572131157 1.0 
              }
            }
            <VertexRef> {
              20 21 23 24 25 28 32 33 35 36 37 40 80 81 84 113 115 118
              <Scalar> membership { 0.700000 }  <Ref> { arms }
            }
            <VertexRef> {
              26 27 29 30 31 34 86 87 89 116 117 119
              <Scalar> membership { 1.000000 }  <Ref> { arms }
            }
            <VertexRef> {
              14 15 17 18 19 22 38 39 41 42 43 46 74 75 77 78 79 82 104 105 107 108 109 112
              <Scalar> membership { 0.500000 }  <Ref> { arms }
            }
            <VertexRef> {
              83 85 88 110 111 114
              <Scalar> membership { 0.530000 }  <Ref> { arms }
            }
          }
        }
        <Joint> scale_jnt26_1 {
          <Transform> {
            <Matrix4> {
              0.9989598989486694 0.04559701681137085 -4.609317329595797e-05 0.0 
              3.637978807091713e-12 0.0010108808055520058 0.9999995231628418 0.0 
              0.04559704288840294 -0.9989594221115112 0.0010097837075591087 0.0 
              -0.2839650511741638 -0.11531400680541992 -0.001650094985961914 1.0 
            }
          }
          <VertexRef> {
            71 73 76 98 99 102
            <Scalar> membership { 0.530000 }  <Ref> { arms }
          }
          <VertexRef> {
            20 21 23 24 25 28 32 33 35 36 37 40 80 81 83 84 85 88 110 111 113 114 115 118
            <Scalar> membership { 0.300000 }  <Ref> { arms }
          }
          <VertexRef> {
            14 15 17 18 19 22 38 39 41 42 43 46 74 75 77 78 79 82 104 105 107 108 109 112
            <Scalar> membership { 0.500000 }  <Ref> { arms }
          }
          <VertexRef> {
            8 9 12 44 45 48
            <Scalar> membership { 0.520000 }  <Ref> { arms }
          }
        }
      }
      <Joint> Luparm {
        <Transform> {
          <Matrix4> {
            0.9989598989486694 0.04559700936079025 -4.609916140907444e-05 0.0 
            -3.637978807091713e-12 0.0010110122384503484 0.9999994039535522 0.0 
            0.04559703171253204 -0.9989593029022217 0.0010101412190124393 0.0 
            -1.8844000101089478 -0.286639928817749 3.557650089263916 1.0 
          }
        }
        <VertexRef> {
          5 7 10 53 55 58 62 63 66 95 97 100
          <Scalar> membership { 0.200000 }  <Ref> { arms }
        }
        <VertexRef> {
          71 73 76 98 99 102
          <Scalar> membership { 0.470000 }  <Ref> { arms }
        }
        <VertexRef> {
          8 9 12 44 45 48
          <Scalar> membership { 0.480000 }  <Ref> { arms }
        }
        <VertexRef> {
          11 13 16 47 49 52 68 69 72 101 103 106
          <Scalar> membership { 0.800000 }  <Ref> { arms }
        }
        <VertexRef> {
          180 191 197 198
          <Scalar> membership { 0.200000 }  <Ref> { Untitled }
        }
      }
      <Joint> Rh_wrist {
        <Transform> {
          <Matrix4> {
            1.0 0.0 1.7460751340168137e-19 0.0 
            0.0 1.0 0.0 0.0 
            -1.7460751340168137e-19 0.0 1.0 0.0 
            3.0820000171661377 -0.253493070602417 3.555649995803833 1.0 
          }
        }
        <VertexRef> {
          235 275 331 334 348 455 457 460
          <Scalar> membership { 0.400000 }  <Ref> { hands }
        }
        <VertexRef> {
          240 401 437 439 442
          <Scalar> membership { 0.590000 }  <Ref> { hands }
        }
        <VertexRef> {
          242 249 443
          <Scalar> membership { 0.720000 }  <Ref> { hands }
        }
        <VertexRef> {
          245 247 253 254 385 388 434 435 438 444 445 448
          <Scalar> membership { 0.510000 }  <Ref> { hands }
        }
        <VertexRef> {
          248 440 441
          <Scalar> membership { 0.460000 }  <Ref> { hands }
        }
        <VertexRef> {
          349 352 384 428 429 432 446 447 449 450 451 454
          <Scalar> membership { 1.000000 }  <Ref> { hands }
        }
        <VertexRef> {
          256 277 280 289 292 360 414 427 430
          <Scalar> membership { 0.500000 }  <Ref> { hands }
        }
        <VertexRef> {
          257 326 327 426 452 453 456
          <Scalar> membership { 0.800000 }  <Ref> { hands }
        }
        <VertexRef> {
          241 250 353 386 387 397 400
          <Scalar> membership { 0.750000 }  <Ref> { hands }
        }
        <VertexRef> {
          244 251 389
          <Scalar> membership { 0.410000 }  <Ref> { hands }
        }
        <VertexRef> {
          243 246 252
          <Scalar> membership { 0.490000 }  <Ref> { hands }
        }
        <VertexRef> {
          214 217 218 220 223 224 226 229 230 232 235 236
          <Scalar> membership { 1.000000 }  <Ref> { Untitled }
        }
        <Joint> Rh_5 {
          <Transform> {
            <Matrix4> {
              1.0 9.03808684794491e-14 -5.0795509291823304e-12 0.0 
              0.0 0.9998416900634766 0.017790265381336212 0.0 
              5.080354973513446e-12 -0.017790265381336212 0.9998417496681213 0.0 
              0.3137550354003906 -0.08612841367721558 0.010255813598632812 1.0 
            }
          }
          <VertexRef> {
            255 300 329 402 415 418
            <Scalar> membership { 0.280000 }  <Ref> { hands }
          }
          <VertexRef> {
            235 275 331 334 348 455 457 460
            <Scalar> membership { 0.600000 }  <Ref> { hands }
          }
          <VertexRef> {
            234 302 303 335 337 340 403 406
            <Scalar> membership { 0.160000 }  <Ref> { hands }
          }
          <VertexRef> {
            330 347 461 463 466
            <Scalar> membership { 0.350000 }  <Ref> { hands }
          }
          <VertexRef> {
            257 326 327 426 452 453 456
            <Scalar> membership { 0.200000 }  <Ref> { hands }
          }
          <VertexRef> {
            282 301 304 324 325 328 355 358 359 458 459 462
            <Scalar> membership { 0.700000 }  <Ref> { hands }
          }
          <Joint> Rh_6 {
            <Transform> {
              <Matrix4> {
                1.0 -6.77626438582797e-21 -2.4511015911171316e-19 0.0 
                -2.8620449194334758e-21 1.0 5.532056093215942e-06 0.0 
                9.900756362218703e-19 -5.533918738365173e-06 1.0 0.0 
                0.1851208209991455 0.00694197416305542 0.014734376221895218 1.0 
              }
            }
            <VertexRef> {
              282 301 304 324 325 328 355 358 359 458 459 462
              <Scalar> membership { 0.300000 }  <Ref> { hands }
            }
            <VertexRef> {
              283 284 285 286 287 294 295 296 297 298 299 305 332 333 342 343 344 345 346 354 356 357 464 465 467
              <Scalar> membership { 1.000000 }  <Ref> { hands }
            }
            <VertexRef> {
              330 347 461 463 466
              <Scalar> membership { 0.650000 }  <Ref> { hands }
            }
          }
        }
        <Joint> Rh_arm {
          <Transform> {
            <Matrix4> {
              -0.9989393949508667 -0.04749665409326553 0.000937044620513916 0.0 
              0.04750628024339676 -0.9985817670822144 0.02404097095131874 0.0 
              -0.0002753138542175293 0.0240575410425663 0.9997280836105347 0.0 
              -0.03312945365905762 -0.000504612922668457 0.0 1.0 
            }
          }
          <VertexRef> {
            248 440 441
            <Scalar> membership { 0.540000 }  <Ref> { hands }
          }
          <VertexRef> {
            244 251 389
            <Scalar> membership { 0.590000 }  <Ref> { hands }
          }
          <VertexRef> {
            243 246 252
            <Scalar> membership { 0.510000 }  <Ref> { hands }
          }
          <VertexRef> {
            245 247 253 254 385 388 434 435 438 444 445 448
            <Scalar> membership { 0.490000 }  <Ref> { hands }
          }
          <VertexRef> {
            213 215 216 219 221 222 225 227 228 231 233 234
            <Scalar> membership { 1.000000 }  <Ref> { Untitled }
          }
        }
        <Joint> Rh_index5 {
          <Transform> {
            <Matrix4> {
              1.0 9.037818507907219e-14 -5.0795500618205924e-12 0.0 
              -6.776263578034403e-21 0.9998416900634766 0.01778974011540413 0.0 
              5.080353672470839e-12 -0.01778974011540413 0.9998417496681213 0.0 
              0.30691003799438477 0.20165610313415527 0.015013694763183594 1.0 
            }
          }
          <VertexRef> {
            269 281 404 405 408 416 417 419 420 421 424
            <Scalar> membership { 0.600000 }  <Ref> { hands }
          }
          <VertexRef> {
            255 300 329 402 415 418
            <Scalar> membership { 0.720000 }  <Ref> { hands }
          }
          <VertexRef> {
            265 268 278 279 336 338 339 366 367 370 407 409 412
            <Scalar> membership { 0.200000 }  <Ref> { hands }
          }
          <VertexRef> {
            236 271 274 276 293 341
            <Scalar> membership { 0.520000 }  <Ref> { hands }
          }
          <VertexRef> {
            256 277 280 289 292 360 414 427 430
            <Scalar> membership { 0.500000 }  <Ref> { hands }
          }
          <VertexRef> {
            234 302 303 335 337 340 403 406
            <Scalar> membership { 0.840000 }  <Ref> { hands }
          }
          <Joint> Rh_index6 {
            <Transform> {
              <Matrix4> {
                1.0 -8.077935669463161e-28 -1.4512850760018368e-18 0.0 
                -4.516406144539531e-21 0.9999999403953552 6.05359673500061e-06 0.0 
                1.9055064939669554e-18 -6.055459380149841e-06 0.9999999403953552 0.0 
                0.1851210594177246 0.006942166946828365 0.014734862372279167 1.0 
              }
            }
            <VertexRef> {
              269 281 404 405 408 416 417 419 420 421 424
              <Scalar> membership { 0.400000 }  <Ref> { hands }
            }
            <VertexRef> {
              258 259 260 261 262 263 264 266 267 368 369 371 410 411 413 422 423 425
              <Scalar> membership { 1.000000 }  <Ref> { hands }
            }
            <VertexRef> {
              265 268 278 279 336 338 339 366 367 370 407 409 412
              <Scalar> membership { 0.800000 }  <Ref> { hands }
            }
          }
        }
        <Joint> Rh_thumb7 {
          <Transform> {
            <Matrix4> {
              0.5001927614212036 0.8658791780471802 0.007775104604661465 0.0 
              -0.8657799363136292 0.4999370276927948 0.022091543301939964 0.0 
              0.01524154469370842 -0.017781559377908707 0.9997256994247437 0.0 
              0.15924692153930664 0.38075119256973267 -0.009892702102661133 1.0 
            }
          }
          <VertexRef> {
            238 272 273 350 351 392 393 396
            <Scalar> membership { 0.430000 }  <Ref> { hands }
          }
          <VertexRef> {
            237 270 290 291 311 314 315 323 365 377 391 394
            <Scalar> membership { 0.230000 }  <Ref> { hands }
          }
          <VertexRef> {
            239 307 310 312 395
            <Scalar> membership { 0.110000 }  <Ref> { hands }
          }
          <VertexRef> {
            362 363 390 398 399 431 433 436
            <Scalar> membership { 0.410000 }  <Ref> { hands }
          }
          <VertexRef> {
            288 320 321 361 364 373 376
            <Scalar> membership { 0.320000 }  <Ref> { hands }
          }
          <Joint> Rh_thumb8 {
            <Transform> {
              <Matrix4> {
                1.0 5.645037163048983e-06 7.931143045425415e-06 0.0 
                -5.631358362734318e-06 1.0 1.3833865523338318e-05 0.0 
                -7.930677384138107e-06 -1.3835728168487549e-05 1.0 0.0 
                0.10793796926736832 0.006173931062221527 0.00012389849871397018 1.0 
              }
            }
            <VertexRef> {
              288 320 321 361 364 373 376
              <Scalar> membership { 0.680000 }  <Ref> { hands }
            }
            <VertexRef> {
              239 307 310 312 395
              <Scalar> membership { 0.890000 }  <Ref> { hands }
            }
            <VertexRef> {
              237 270 290 291 311 314 315 323 365 377 391 394
              <Scalar> membership { 0.770000 }  <Ref> { hands }
            }
            <VertexRef> {
              306 308 309 313 316 317 318 319 322 372 374 375 378 379 380 381 382 383
              <Scalar> membership { 1.000000 }  <Ref> { hands }
            }
            <VertexRef> {
              236 271 274 276 293 341
              <Scalar> membership { 0.480000 }  <Ref> { hands }
            }
          }
        }
        <Joint> RupVct {
          <Transform> {
            <Matrix4> {
              0.9998835921287537 -1.2355851140455343e-05 -0.015252641402184963 0.0 
              0.00028378411661833525 0.999841570854187 0.017793454229831696 0.0 
              0.01525000762194395 -0.017795709893107414 0.999725341796875 0.0 
              0.12114095687866211 0.3501300811767578 -0.0023746490478515625 1.0 
            }
          }
          <VertexRef> {
            238 272 273 350 351 392 393 396
            <Scalar> membership { 0.570000 }  <Ref> { hands }
          }
          <VertexRef> {
            242 249 443
            <Scalar> membership { 0.280000 }  <Ref> { hands }
          }
          <VertexRef> {
            362 363 390 398 399 431 433 436
            <Scalar> membership { 0.590000 }  <Ref> { hands }
          }
          <VertexRef> {
            240 401 437 439 442
            <Scalar> membership { 0.410000 }  <Ref> { hands }
          }
          <VertexRef> {
            241 250 353 386 387 397 400
            <Scalar> membership { 0.250000 }  <Ref> { hands }
          }
        }
      }
      <Joint> Rshoulder_arm {
        <Transform> {
          <Matrix4> {
            1.0 0.0 0.0 0.0 
            0.0 1.0 0.0 0.0 
            0.0 0.0 1.0 0.0 
            0.8914750218391418 -0.13896596431732178 3.5592501163482666 1.0 
          }
        }
        <Joint> cons_Rwrist {
          <Transform> {
            <Matrix4> {
              -0.9988709688186646 -0.047497786581516266 0.0008305986993946135 0.0 
              0.0 0.017484430223703384 0.9998472929000854 0.0 
              -0.04750504717230797 0.99871826171875 -0.01746475137770176 0.0 
              2.1905298233032227 -0.11452603340148926 -0.003591775894165039 1.0 
            }
          }
          <Joint> Rsleeve_trans {
            <Transform> {
              <Matrix4> {
                1.0 -3.3515412667384226e-12 -3.5943230614066124e-09 0.0 
                -4.810762899154497e-12 1.0 1.1203324490338673e-08 0.0 
                7.003109203651547e-11 -1.2897492851493553e-08 1.0000001192092896 0.0 
                0.22966498136520386 -4.512344276008662e-06 7.450580596923828e-08 1.0 
              }
            }
            <VertexRef> {
              149 151 154
              <Scalar> membership { 0.500000 }  <Ref> { arms }
            }
            <VertexRef> {
              145 148 155 157 160 161 163 166 167
              <Scalar> membership { 0.490000 }  <Ref> { arms }
            }
            <VertexRef> {
              251 252 256 259
              <Scalar> membership { 0.500000 }  <Ref> { Untitled }
            }
            <VertexRef> {
              238 241 242 245 246 248 249 255
              <Scalar> membership { 0.490000 }  <Ref> { Untitled }
            }
          }
        }
        <Joint> null4 {
          <Transform> {
            <Matrix4> {
              -0.9991555213928223 0.04108256474137306 -0.0007184197893366218 0.0 
              0.0 0.017484545707702637 0.9998472929000854 0.0 
              0.04108884930610657 0.9990028142929077 -0.01746983826160431 0.0 
              0.2706100344657898 -0.11676812171936035 -0.003590106964111328 1.0 
            }
          }
          <Joint> jnt24_1 {
            <Transform> {
              <Matrix4> {
                -0.9843528270721436 0.004158901050686836 -0.17616023123264313 0.0 
                -0.1760532110929489 0.018858641386032104 0.9841999411582947 0.0 
                0.007415327709168196 0.9998135566711426 -0.017831332981586456 0.0 
                -5.611218512058258e-08 -0.006291668396443129 -0.0002138279378414154 1.0 
              }
            }
            <VertexRef> {
              192 194 195 198 200 201 204 206 207 210 212 213 217 220 221 223 226 227 229 232 233 235 238 239
              <Scalar> membership { 0.700000 }  <Ref> { arms }
            }
            <VertexRef> {
              216 218 219 222 224 225 228 230 231 234 236 237
              <Scalar> membership { 1.000000 }  <Ref> { arms }
            }
            <VertexRef> {
              168 170 171 174 176 177 180 182 183 186 188 189 193 196 197 199 202 203 205 208 209 211 214 215
              <Scalar> membership { 0.500000 }  <Ref> { arms }
            }
          }
        }
        <Joint> scale_jnt27_1 {
          <Transform> {
            <Matrix4> {
              -0.9991555213928223 0.04108256474137306 -0.0007183991838246584 0.0 
              -5.820766091346741e-11 0.017484042793512344 0.9998469352722168 0.0 
              0.04108884558081627 0.9990027546882629 -0.017469197511672974 0.0 
              0.2706100344657898 -0.1167680025100708 -0.003590106964111328 1.0 
            }
          }
          <VertexRef> {
            192 194 195 198 200 201 204 206 207 210 212 213 217 220 221 223 226 227 229 232 233 235 238 239
            <Scalar> membership { 0.300000 }  <Ref> { arms }
          }
          <VertexRef> {
            168 170 171 174 176 177 180 182 183 186 188 189 193 196 197 199 202 203 205 208 209 211 214 215
            <Scalar> membership { 0.500000 }  <Ref> { arms }
          }
          <VertexRef> {
            131 133 136 179 181 184
            <Scalar> membership { 0.510000 }  <Ref> { arms }
          }
          <VertexRef> {
            121 124 143 169 172 191
            <Scalar> membership { 0.520000 }  <Ref> { arms }
          }
        }
      }
      <Joint> Ruparm {
        <Transform> {
          <Matrix4> {
            0.9998493790626526 -0.0080109229311347 0.015396670438349247 0.0 
            -0.015252227894961834 0.01778961345553398 0.9997254014015198 0.0 
            -0.008282624185085297 -0.9998096227645874 0.01766475848853588 0.0 
            1.897510051727295 -0.28597307205200195 3.5562000274658203 1.0 
          }
        }
        <VertexRef> {
          122 123 126 134 135 138 146 147 150 158 159 162
          <Scalar> membership { 0.200000 }  <Ref> { arms }
        }
        <VertexRef> {
          131 133 136 179 181 184
          <Scalar> membership { 0.490000 }  <Ref> { arms }
        }
        <VertexRef> {
          121 124 143 169 172 191
          <Scalar> membership { 0.480000 }  <Ref> { arms }
        }
        <VertexRef> {
          125 127 130 137 139 142 173 175 178 185 187 190
          <Scalar> membership { 0.800000 }  <Ref> { arms }
        }
        <VertexRef> {
          237 243 254 260
          <Scalar> membership { 0.200000 }  <Ref> { Untitled }
        }
      }
      <Joint> jnt13_1 {
